*************************************************
******************* ORCA 6.0.1 ******************
*************************************************
$Calculation_Status
   &GeometryIndex 1
   &ListStatus       OUT
   &VERSION [&Type "String"] "6.0.1"
   &PROGNAME [&Type "String"] "LeanSCF"
   &STATUS [&Type "String"] "NORMAL TERMINATION"
$End
$Geometry
   &GeometryIndex 1
   &ListStatus       OUT
   &NATOMS [&Type "Integer"] 12
   &NCORELESSECP [&Type "Integer"] 0
   &NGHOSTATOMS [&Type "Integer"] 0
   &CartesianCoordinates [&Type "Coordinates", &Dim(12,4), &Units "Bohr"] 
              C      1.349497645905    1.912826925194    1.046294021106
              N      2.812048699851    0.138289308271   -0.276806954806
              C      2.174311500638   -2.281985733427   -0.991990425120
              N     -0.253288924873   -2.954749820059   -0.259417331160
              C     -1.844967796775   -1.384742370608    1.033642608714
              C     -1.159152788689    0.978665220108    1.705285581997
              O      3.554526639794   -3.693499856435   -2.133929553700
              H     -2.423831491171    2.231459954376    2.734459046372
              O      2.190956156330    3.981307423925    1.533069071182
              H      4.575668862291    0.708113175363   -0.776295603716
              H     -0.785992350253   -4.724002494551   -0.754567274790
              H     -3.700021738769   -2.169659192181    1.483457039766
$End
$SCF_Energy
   &GeometryIndex 1
   &ListStatus       OUT
   &SCF_ENERGY [&Type "Double"]      -4.1407152099070942e+02
$End
$DFT_Energy
   &GeometryIndex 1
   &ListStatus       OUT
   &NALPHAEL [&Type "Integer"] 29
   &NBETAEL [&Type "Integer"] 29
   &NTOTALEL [&Type "Integer"] 58
   &EEXCHANGE [&Type "Double"]      -3.8823339727299995e+01
   &ECORR [&Type "Double"]      -1.9808131424214357e+00
   &ECNL [&Type "Double"]       0.0000000000000000e+00
   &EXC [&Type "Double"]      -4.0804152869721428e+01
   &EEMBED [&Type "Double"]       0.0000000000000000e+00
   &FINALEN [&Type "Double"]      -4.1407152099070942e+02  "No Van der Waals correction"
$End
$Mulliken_Population_Analysis
   &GeometryIndex 1
   &ListStatus       OUT
   &NATOMS [&Type "Integer"] 12
   &ATNO [&Type "ArrayOfIntegers", &Dim (12,1)] 
                                                         0

0                                                        6
1                                                        7
2                                                        6
3                                                        7
4                                                        6
5                                                        6
6                                                        8
7                                                        1
8                                                        8
9                                                        1
10                                                       1
11                                                       1
   &ATOMICCHARGES [&Type "ArrayOfDoubles", &Dim (12,1)] 
                                                         0

0                                      2.3903954390913462e-01
1                                     -2.3025449365726036e-01
2                                      2.6425555481710816e-01
3                                     -1.9820973517253648e-01
4                                      1.4511114516581536e-01
5                                     -1.8911208575079819e-01
6                                     -2.4386468356965629e-01
7                                      5.3634461931699073e-02
8                                     -2.3699507936213315e-01
9                                      1.6756931697722044e-01
10                                     1.6769150170057168e-01
11                                     6.1134553010768755e-02
$End
$Loewdin_Population_Analysis
   &GeometryIndex 1
   &ListStatus       OUT
   &NATOMS [&Type "Integer"] 12
   &ATNO [&Type "ArrayOfIntegers", &Dim (12,1)] 
                                                         0

0                                                        6
1                                                        7
2                                                        6
3                                                        7
4                                                        6
5                                                        6
6                                                        8
7                                                        1
8                                                        8
9                                                        1
10                                                       1
11                                                       1
   &ATOMICCHARGES [&Type "ArrayOfDoubles", &Dim (12,1)] 
                                                         0

0                                      7.1806805934217621e-02
1                                     -6.7318602631019075e-03
2                                      8.2015010275476641e-02
3                                      1.6777596178975784e-02
4                                      6.0837618227758128e-02
5                                     -1.2462560959620728e-01
6                                     -2.1350825120481787e-01
7                                      5.2176529329753585e-02
8                                     -1.9458058203181672e-01
9                                      1.0582415783520804e-01
10                                     1.0465829168825735e-01
11                                     4.5350293626230553e-02
$End
$Mayer_Population_Analysis
   &GeometryIndex 1
   &ListStatus       OUT
   &NATOMS [&Type "Integer"] 12 "Total number of atoms"
   &BONDTHRESH [&Type "Double"]       1.0000000000000001e-01  "The threshold for printing"
   &NBONDORDERSPRINT [&Type "Integer"] 12 "The number of bond orders larger than threshold"
   &BONDORDERS [&Type "ArrayOfDoubles", &Dim (12,1)] "The bond orders"
                                                         0

0                                      1.0234619597285366e+00
1                                      1.0545280840895361e+00
2                                      2.1041425246788648e+00
3                                      1.0922318960906017e+00
4                                      8.9998633446611043e-01
5                                      1.0443259268961509e+00
6                                      2.1219482801070670e+00
7                                      1.1587508039774701e+00
8                                      9.1504421154736693e-01
9                                      1.6777197347177002e+00
10                                     9.5618027480649759e-01
11                                     9.7312497645967211e-01
   &COMPONENTS [&Type "ArrayOfIntegers", &Dim (12,4)] "The indices and atomic numbers of the bonding atoms"
                                                         0                           1                           2                           3

0                                                        0                           6                           1                           7
1                                                        0                           6                           5                           6
2                                                        0                           6                           8                           8
3                                                        1                           7                           2                           6
4                                                        1                           7                           9                           1
5                                                        2                           6                           3                           7
6                                                        2                           6                           6                           8
7                                                        3                           7                           4                           6
8                                                        3                           7                          10                           1
9                                                        4                           6                           5                           6
10                                                       4                           6                          11                           1
11                                                       5                           6                           7                           1
   &ATNO [&Type "ArrayOfIntegers", &Dim (12,1)] "Atomic number of the elements"
                                                         0

0                                                        6
1                                                        7
2                                                        6
3                                                        7
4                                                        6
5                                                        6
6                                                        8
7                                                        1
8                                                        8
9                                                        1
10                                                       1
11                                                       1
   &NA [&Type "ArrayOfDoubles", &Dim (12,1)] "Mulliken gross atomic population"
                                                         0

0                                      5.7609604560908654e+00
1                                      7.2302544936572586e+00
2                                      5.7357444451828936e+00
3                                      7.1982097351725347e+00
4                                      5.8548888548341864e+00
5                                      6.1891120857507955e+00
6                                      8.2438646835696545e+00
7                                      9.4636553806830082e-01
8                                      8.2369950793621332e+00
9                                      8.3243068302277945e-01
10                                     8.3230849829942810e-01
11                                     9.3886544698923147e-01
   &ZA [&Type "ArrayOfDoubles", &Dim (12,1)] "Total nuclear charge"
                                                         0

0                                      6.0000000000000000e+00
1                                      7.0000000000000000e+00
2                                      6.0000000000000000e+00
3                                      7.0000000000000000e+00
4                                      6.0000000000000000e+00
5                                      6.0000000000000000e+00
6                                      8.0000000000000000e+00
7                                      1.0000000000000000e+00
8                                      8.0000000000000000e+00
9                                      1.0000000000000000e+00
10                                     1.0000000000000000e+00
11                                     1.0000000000000000e+00
   &QA [&Type "ArrayOfDoubles", &Dim (12,1)] "Mulliken gross atomic charge"
                                                         0

0                                      2.3903954390913462e-01
1                                     -2.3025449365725859e-01
2                                      2.6425555481710639e-01
3                                     -1.9820973517253471e-01
4                                      1.4511114516581358e-01
5                                     -1.8911208575079552e-01
6                                     -2.4386468356965452e-01
7                                      5.3634461931699184e-02
8                                     -2.3699507936213315e-01
9                                      1.6756931697722055e-01
10                                     1.6769150170057190e-01
11                                     6.1134553010768533e-02
   &VA [&Type "ArrayOfDoubles", &Dim (12,1)] "Mayer's total valence"
                                                         0

0                                      4.2624868944517660e+00
1                                      3.1063259356542634e+00
2                                      4.3431558925549796e+00
3                                      3.2459061614743314e+00
4                                      3.8795816928182827e+00
5                                      3.8500451762754269e+00
6                                      2.2779650379058984e+00
7                                      1.0035942162446612e+00
8                                      2.2778766307321225e+00
9                                      1.0086026459117705e+00
10                                     9.9257704728693763e-01
11                                     9.8483291080536206e-01
   &BVA [&Type "ArrayOfDoubles", &Dim (12,1)] "Mayer's bonded valence"
                                                         0

0                                      4.2624868944517464e+00
1                                      3.1063259356542732e+00
2                                      4.3431558925549894e+00
3                                      3.2459061614744051e+00
4                                      3.8795816928182711e+00
5                                      3.8500451762754109e+00
6                                      2.2779650379059433e+00
7                                      1.0035942162446525e+00
8                                      2.2778766307321732e+00
9                                      1.0086026459117672e+00
10                                     9.9257704728694485e-01
11                                     9.8483291080535917e-01
   &FA [&Type "ArrayOfDoubles", &Dim (12,1)] "Mayer's free valence"
                                                         0

0                                      0.0000000000000000e+00
1                                      0.0000000000000000e+00
2                                      0.0000000000000000e+00
3                                      0.0000000000000000e+00
4                                      0.0000000000000000e+00
5                                      0.0000000000000000e+00
6                                      0.0000000000000000e+00
7                                      0.0000000000000000e+00
8                                      0.0000000000000000e+00
9                                      0.0000000000000000e+00
10                                     0.0000000000000000e+00
11                                     0.0000000000000000e+00
$End
$VdW_Correction
   &GeometryIndex 1
   &ListStatus       OUT
   &VDW [&Type "Double"]      -9.7506131433577441e-03
$End
$Calculation_Info
   &GeometryIndex 1
   &ListStatus       OUT
   &MULT [&Type "Integer"] 1
   &CHARGE [&Type "Integer"] 0
   &NUMOFATOMS [&Type "Integer"] 12
   &NUMOFELECTRONS [&Type "Integer"] 58
   &NUMOFFCELECTRONS [&Type "Integer"] 1
   &NUMOFCORRELECTRONS [&Type "Integer"] 0
   &NUMOFBASISFUNCTS [&Type "Integer"] 132
   &NUMOFAUXCBASISFUNCTS [&Type "Integer"] 0
   &NUMOFAUXJBASISFUNCTS [&Type "Integer"] 436
   &NUMOFAUXJKBASISFUNCTS [&Type "Integer"] 0
   &NUMOFCABSBASISFUNCTS [&Type "Integer"] 0
   &TOTALENERGY [&Type "Double"]      -4.1408127160385277e+02  "Hartrees"
$End
$SCF_Dipole_Moment
   &GeometryIndex 1
   &ListStatus       OUT
   &METHOD [&Type "String"] "SCF"
   &LEVEL [&Type "String"] "Relaxed density"
   &MULT [&Type "Integer"] 1
   &STATE [&Type "Integer"] -1
   &IRREP [&Type "Integer"] 0
   &NATOMS [&Type "Integer"] 12
   &DODIPOLEATOM [&Type "Boolean"] false
   &DIPOLEELECCONTRIB [&Type "ArrayOfDoubles", &Dim (3,1)] "Electronic contribution"
                                                         0

0                                      2.0973557066822774e+00
1                                      1.6820784959178420e-01
2                                     -7.9881309423290170e-01
   &DIPOLENUCCONTRIB [&Type "ArrayOfDoubles", &Dim (3,1)] "Nuclear contribution"
                                                         0

0                                     -3.4640899048987448e+00
1                                     -1.1068464151896054e+00
2                                      9.8509274399245572e-01
   &DIPOLETOTAL [&Type "ArrayOfDoubles", &Dim (3,1)] "Total"
                                                         0

0                                     -1.3667341982164674e+00
1                                     -9.3863856559782111e-01
2                                      1.8627964975955402e-01
   &DIPOLEMAGNITUDE [&Type "Double", &Units "a.u."]       1.6684438358292097e+00
$End
$THERMOCHEMISTRY_Energies
   &GeometryIndex 1
   &ListStatus       OUT
   &TEMPERATURE [&Type "Double"]       2.9814999999999998e+02
   &PRESSURE [&Type "Double"]       1.0000000000000000e+00
   &TOTALMASS [&Type "Double"]       1.1208799999999997e+02
   &SPINDEGENERACY [&Type "Integer"] 1
   &ELENERGY [&Type "Double"]      -4.1408127160385277e+02
   &TRANSENERGY [&Type "Double"]       1.4162714244859817e-03
   &ROTENERGY [&Type "Double"]       1.4162714244859817e-03
   &VIBENERGY [&Type "Double"]       3.2215373176929436e-03
   &NUMOFFREQS [&Type "Integer"] 36
   &FREQSCALINGFACTOR [&Type "Double"]       1.0000000000000000e+00
   &FREQ [&Type "ArrayOfDoubles", &Dim (36,1)] "In cm^-1"
                                                         0

0                                      0.0000000000000000e+00
1                                      0.0000000000000000e+00
2                                      0.0000000000000000e+00
3                                      0.0000000000000000e+00
4                                      0.0000000000000000e+00
5                                      0.0000000000000000e+00
6                                      1.5613176559381560e+02
7                                      1.7360163500831402e+02
8                                      3.9652680087803213e+02
9                                      4.0592156817119570e+02
10                                     5.2543479531299715e+02
11                                     5.5345355406271688e+02
12                                     5.7136790373672716e+02
13                                     5.9771722037477855e+02
14                                     7.0607876518899843e+02
15                                     7.3894368075271268e+02
16                                     7.8990169432660741e+02
17                                     7.9732636931788738e+02
18                                     8.2954671063667809e+02
19                                     9.8278101480109137e+02
20                                     9.8695882578121996e+02
21                                     1.0006762768622517e+03
22                                     1.0979279659181650e+03
23                                     1.2116858670158117e+03
24                                     1.2486430217927889e+03
25                                     1.3909707494012418e+03
26                                     1.4177724251406837e+03
27                                     1.4412927597084058e+03
28                                     1.5345889951701536e+03
29                                     1.7194146222332915e+03
30                                     1.8653811925783227e+03
31                                     1.9004994046116358e+03
32                                     3.2355962668311236e+03
33                                     3.2805395780034496e+03
34                                     3.6384808871337796e+03
35                                     3.6773356605880736e+03
   &ZPE [&Type "Double"]       8.8558066570308944e-02
   &INNERENERGYU [&Type "Double"]      -4.1398665945711576e+02
   &ENTHALPYH [&Type "Double"]      -4.1398571524807352e+02
   &QEL [&Type "Double"]       0.0000000000000000e+00
   &QROT [&Type "Double"]       1.3215098091137661e-02
   &QVIB [&Type "Double"]       5.0559162465529037e-03
   &QTRANS [&Type "Double"]       1.9032858645888117e-02
   &ENTROPYS [&Type "Double"]       3.7303872983578686e-02
   &FREEENERGYG [&Type "Double"]      -4.1402301912105708e+02
   &ISLINEAR [&Type "Boolean"] false
$End
$Hessian
   &GeometryIndex 1
   &ListStatus       OUT
   &HESSIAN [&Type "ArrayOfDoubles", &Dim (36,36)] "The Hessian"
                                                         0                           1                           2                           3                           4                           5                           6                           7

0                                      6.2340494091473520e-01         2.4110828121207703e-01        -7.4865027921845961e-02        -1.9515666398544668e-01         2.2459422570443310e-03         5.8531320313225943e-02         6.1832274418856213e-02         5.2605177906494306e-02
1                                      2.4110828121207703e-01         8.9984302392022464e-01         1.8008628738405869e-01         3.9214786287836936e-02        -1.4444576632133876e-01        -5.2028437512314132e-02         1.2976106426825906e-03        -4.1890517447605385e-02
2                                     -7.4865027921845961e-02         1.8008628738405869e-01         3.1075255897357212e-01         7.3476922140313691e-02        -3.6725755219201503e-02        -1.0120228986634612e-01        -3.0447503089958888e-02        -3.3422388752463582e-02
3                                     -1.9515666398544668e-01         3.9214786287836936e-02         7.3476922140313691e-02         7.4385785663065440e-01         1.3730090067359885e-01        -2.2376865905831633e-01        -1.6543935476185259e-01        -7.9158762848345929e-02
4                                      2.2459422570443310e-03        -1.4444576632133876e-01        -3.6725755219201503e-02         1.3730090067359885e-01         6.6180371905658264e-01         1.8291882794218522e-01        -3.5779172491855887e-02        -2.5403968759999140e-01
5                                      5.8531320313225943e-02        -5.2028437512314132e-02        -1.0120228986634612e-01        -2.2376865905831633e-01         1.8291882794218522e-01         2.3557699138102609e-01         2.8179374043467410e-02        -4.4767784265273211e-02
6                                      6.1832274418856213e-02         1.2976106426825906e-03        -3.0447503089958888e-02        -1.6543935476185259e-01        -3.5779172491855887e-02         2.8179374043467410e-02         7.4421367422026841e-01        -1.2529752826483020e-01
7                                      5.2605177906494306e-02        -4.1890517447605385e-02        -3.3422388752463582e-02        -7.9158762848345929e-02        -2.5403968759999140e-01        -4.4767784265273211e-02        -1.2529752826483020e-01         7.8159897513692678e-01
8                                     -9.7136332407199433e-03        -1.2208542276528678e-02        -1.3979746314822017e-02         1.0630793815138942e-02        -6.2725923866329039e-02        -9.2168607773920080e-02        -2.6822306916350558e-01         2.7962264289092481e-01
9                                     -4.4830756038086866e-02         9.6123738427603099e-03         1.9891682894814997e-02        -1.6633737094571846e-02        -5.3899905973483653e-02        -1.0569944012363785e-02        -2.2336779826297806e-01        -3.3765045235599006e-02
10                                     1.2428326656067815e-02         4.5630579775881568e-03        -8.2096304271072566e-04        -4.7826503061294302e-02        -1.5131338052543509e-02         9.4243979386622687e-03        -6.6121850954581771e-02        -1.6250151539688071e-01
11                                     2.1035182535394679e-02         3.4240398163102323e-04        -1.4683553030557626e-02        -8.1156326885888121e-03         1.1928201374293040e-02         1.8695877342148372e-02         3.7674176243493090e-02        -2.4366802573905416e-02
12                                     1.2791798253568413e-02        -3.9288941330769864e-02        -2.0165198733378034e-02        -1.0632578217206158e-03         1.3492441345832757e-02         6.0925725572030546e-03        -4.1922005001195105e-02         7.1802750101481365e-03
13                                    -5.2897413874678334e-02        -1.2893875844304634e-02         1.5703097941783591e-02        -3.0262969967772158e-04        -2.6844056650692526e-02        -1.0924136765255008e-02         4.2072333886652907e-02         4.4992450302715155e-02
14                                    -2.5677337974097048e-02         1.0053204047761298e-02         1.7095489131072762e-02         5.1103189806809592e-04        -1.6618879444096735e-02        -6.4697845469484953e-03         3.3899401902709750e-02         1.5658663823085887e-02
15                                    -2.2434841867821692e-01        -3.3259897520551959e-02         4.7264089296217587e-02        -2.8142611288626600e-02         1.5176750080066984e-02         2.1689787937407209e-02        -1.6395728073805751e-02        -1.5866849107117980e-02
16                                    -1.9867254283417707e-02        -1.1074483313075945e-01        -5.2785201460966436e-03         2.1621066839767847e-02         2.8457410221792927e-02        -1.2643733051016445e-03        -2.4562644741451825e-02        -1.7858452211539137e-02
17                                     5.2659209632504901e-02         2.5497735079824287e-04        -9.9086548337709482e-02         2.4304564897229576e-02         1.3982277121767223e-03        -1.0257985091566973e-05        -3.1889992925361842e-03        -6.2966391924860901e-04
18                                    -6.8886188716325803e-03        -2.6777936953695410e-03         4.6575745251953033e-03         2.6502618966206842e-02         1.0123218355357969e-02         2.5790508865754583e-03        -3.4389428578560249e-01         2.4048883225975726e-01
19                                    -1.9570070071820940e-02         1.0314758615092358e-02         9.4399803200977891e-03         4.0229034549060946e-02        -6.8227912544538236e-02        -5.3486183854792139e-02         2.3904287368741409e-01        -3.5551965901636817e-01
20                                    -2.1719330061947132e-03         2.4528041042147387e-03         8.8938277302318281e-03         1.4756715125536942e-02        -4.1028809364592363e-02         1.3393151438048298e-04         2.0372079155220651e-01        -2.0883347611958616e-01
21                                    -8.7752283586444661e-03         2.1249751549206518e-02         1.2607994047449108e-02        -4.9905528049756943e-03        -2.5219502952884862e-03         2.1025291558756324e-03        -1.7198216999090967e-03        -2.1102532377296011e-03
22                                    -7.4149466544497951e-03         1.0017448423695783e-02         6.7345248509332982e-03        -3.2262898352922236e-03        -4.5087776254235128e-04         1.1638313651301559e-04        -8.3468676211746751e-04        -8.2664419482697104e-04
23                                     1.0146620982072335e-03        -5.1112301615609760e-03        -1.5482823130098418e-03         1.8177174383973912e-03        -1.7631504041222632e-04         1.7411832269717119e-03         2.3432314779359316e-04         6.7213526083882962e-04
24                                    -2.0307100530896230e-01        -2.3040263592380247e-01        -4.1536104762171629e-02         3.4230905246562075e-02         2.7687195924144870e-02         5.6376576405181983e-03        -1.1918413449899993e-02        -8.2764988392000829e-03
25                                    -2.3132175623001625e-01        -6.2905846520483522e-01        -1.2653286746937883e-01         1.4508351165763887e-03        -8.4746761436295240e-02        -4.3253007033604678e-02         8.4982205649393391e-03         1.6082915881299790e-02
26                                    -4.1900483406431661e-02        -1.2691090905066882e-01        -1.1253926090455010e-01        -4.9655772531147883e-03        -5.4111851966803723e-02         9.9821716734169175e-04         1.1199600606697538e-02         7.1451468573088782e-03
27                                    -1.5049326388009730e-02        -5.6301073196358478e-03         5.0533475235054869e-03        -3.8735833961787258e-01        -1.1256218102495467e-01         1.0670201685187519e-01        -3.4639586472494238e-03        -3.6019683652830752e-03
28                                     2.3601385268967871e-02         1.7786921634025447e-02        -3.6575466049996522e-03        -1.0865742351154974e-01        -9.8378478382213669e-02         1.3096191362258806e-02        -3.4383635224900164e-02        -2.7993718430972814e-03
29                                     1.6894328062958576e-02         8.4467706991706269e-03        -8.9955162259076644e-04         1.0827894085684024e-01         1.4720365802104412e-02        -5.8451161043260327e-02        -1.2403513143849163e-02         2.9275066240579649e-04
30                                    -2.2896762479003457e-03         4.3254892898524511e-04         8.2613534015000308e-04        -6.1685464842687436e-03        -8.8403975664353047e-04         3.4806922224984950e-03        -1.4375900484136696e-03        -3.5519880504192289e-02
31                                    -1.5477265142461042e-03        -6.6450087804916999e-04         6.6059327056564466e-04        -8.0761197418213748e-04         1.1969696737314777e-03        -4.3699732497957391e-04        -3.1335081221952298e-03        -4.4213374856365353e-03
32                                     2.6269777365937452e-05        -1.5944524386647674e-04        -7.9069261728515936e-04         3.5102185696053879e-03        -4.0428065840158610e-04         1.4894138748735271e-03        -4.8839893756791796e-04         1.2726135735657833e-02
33                                     2.3806802897400475e-03        -1.6482990243374337e-03         3.2396520473548596e-03         3.6168301591211257e-04        -3.8659532040864796e-04        -6.5806879170731878e-04         3.5130070917816260e-03         3.3226012623545197e-03
34                                     6.2237667889624738e-04        -2.8272517437337649e-03        -6.1752182083480442e-03         1.6999369009019366e-04         8.0677979804867628e-04         5.9892048480893819e-04        -7.9811225621244809e-04        -2.8171561249961535e-03
35                                     4.1638798219855479e-03        -5.2291076469355383e-03         7.9880491719944123e-03        -4.3536548736950766e-04         8.3239192596990235e-04        -3.3351329117526474e-04        -1.4418306092201915e-04        -4.1109617093112432e-03
                                                         8                           9                          10                          11                          12                          13                          14                          15

0                                     -9.7136332407199433e-03        -4.4830756038086866e-02         1.2428326656067815e-02         2.1035182535394679e-02         1.2791798253568413e-02        -5.2897413874678334e-02        -2.5677337974097048e-02        -2.2434841867821692e-01
1                                     -1.2208542276528678e-02         9.6123738427603099e-03         4.5630579775881568e-03         3.4240398163102323e-04        -3.9288941330769864e-02        -1.2893875844304634e-02         1.0053204047761298e-02        -3.3259897520551959e-02
2                                     -1.3979746314822017e-02         1.9891682894814997e-02        -8.2096304271072566e-04        -1.4683553030557626e-02        -2.0165198733378034e-02         1.5703097941783591e-02         1.7095489131072762e-02         4.7264089296217587e-02
3                                      1.0630793815138942e-02        -1.6633737094571846e-02        -4.7826503061294302e-02        -8.1156326885888121e-03        -1.0632578217206158e-03        -3.0262969967772158e-04         5.1103189806809592e-04        -2.8142611288626600e-02
4                                     -6.2725923866329039e-02        -5.3899905973483653e-02        -1.5131338052543509e-02         1.1928201374293040e-02         1.3492441345832757e-02        -2.6844056650692526e-02        -1.6618879444096735e-02         1.5176750080066984e-02
5                                     -9.2168607773920080e-02        -1.0569944012363785e-02         9.4243979386622687e-03         1.8695877342148372e-02         6.0925725572030546e-03        -1.0924136765255008e-02        -6.4697845469484953e-03         2.1689787937407209e-02
6                                     -2.6822306916350558e-01        -2.2336779826297806e-01        -6.6121850954581771e-02         3.7674176243493090e-02        -4.1922005001195105e-02         4.2072333886652907e-02         3.3899401902709750e-02        -1.6395728073805751e-02
7                                      2.7962264289092481e-01        -3.3765045235599006e-02        -1.6250151539688071e-01        -2.4366802573905416e-02         7.1802750101481365e-03         4.4992450302715155e-02         1.5658663823085887e-02        -1.5866849107117980e-02
8                                      4.4256285311728982e-01         5.0764313527063232e-02        -1.0978392458604852e-02        -9.3149290788676856e-02         1.9783981019975354e-02         1.2319166059109651e-03        -8.7904253190501172e-03         3.3700547126118245e-04
9                                      5.0764313527063232e-02         6.2706931218869444e-01         8.8997327197775339e-02        -1.9601764470255334e-01        -2.1078207394246812e-01         4.8476925833320007e-02         8.8678361821036375e-02         3.3733003460554134e-02
10                                    -1.0978392458604852e-02         8.8997327197775339e-02         8.0892335581604125e-01         2.6350077887883883e-01         8.4084480840562373e-02        -2.1729446234106209e-01        -1.0493465538337600e-01         2.0416531870852551e-02
11                                    -9.3149290788676856e-02        -1.9601764470255334e-01         2.6350077887883883e-01         2.5389009519935618e-01         1.0308260981604578e-01        -9.0223508092312776e-02        -1.2286381202349880e-01        -1.0041622760531494e-03
12                                     1.9783981019975354e-02        -2.1078207394246812e-01         8.4084480840562373e-02         1.0308260981604578e-01         6.7760413507933881e-01         1.4836465734301010e-01        -1.6208948036108145e-01        -1.5472619519146519e-01
13                                     1.2319166059109651e-03         4.8476925833320007e-02        -2.1729446234106209e-01        -9.0223508092312776e-02         1.4836465734301010e-01         7.7509531472849291e-01         1.9511929092914904e-01        -9.7500685945058618e-02
14                                    -8.7904253190501172e-03         8.8678361821036375e-02        -1.0493465538337600e-01        -1.2286381202349880e-01        -1.6208948036108145e-01         1.9511929092914904e-01         2.8657952114606994e-01         1.3297733351925814e-03
15                                     3.3700547126118245e-04         3.3733003460554134e-02         2.0416531870852551e-02        -1.0041622760531494e-03        -1.5472619519146519e-01        -9.7500685945058618e-02         1.3297733351925814e-03         5.7808327038900054e-01
16                                     2.9711604440280882e-03         2.7731451199790150e-02        -4.3223440384997744e-02        -3.3517077448095713e-02        -1.2009355257040469e-01        -4.3943326514811076e-01        -1.0524579948382264e-01         5.2029070058089655e-02
17                                     9.8370461835793187e-04         1.9529009038386953e-03        -3.0496285638544798e-02        -1.7992169518276924e-03        -7.8082571244396208e-03        -1.1458400468418611e-01        -9.9278092716673719e-02        -1.7583787096839931e-01
18                                     2.0429953135636750e-01        -6.7182107333341720e-02         3.7100342215637044e-02         5.2111095692066497e-02         4.9041477172542727e-04        -1.3065981196105227e-02        -3.6404551141143880e-03         1.7891804587095413e-03
19                                    -2.0823312559117141e-01         1.0319533741276102e-02         2.8460496775472275e-02        -1.8585126249581058e-03         7.8086135490594046e-04        -6.7806502381357889e-03        -4.8652152416413241e-03         5.6866981900845250e-03
20                                    -2.5396529850994820e-01         4.1280685719875629e-02        -1.2941462488835688e-02         1.7628093057682828e-04         1.9604343630879820e-03         8.6233693377766544e-04         3.9989263000763334e-03         1.1502130384041837e-03
21                                    -2.7984107271518746e-04         1.7044908292603257e-03        -4.2149437875747819e-03         1.1237527035645560e-03         9.0960416816651176e-03        -7.2984505526251867e-03        -7.1274893212692203e-03        -1.6979439341914221e-01
22                                     1.4587757496716241e-04        -4.2269801575001240e-03        -2.4361612332701749e-03        -2.6913752892795293e-03         1.9378944581929888e-02        -1.0359695504409683e-02        -1.1793597283161896e-02         1.1242826230113551e-01
23                                    -1.5770792877695203e-04         1.1245044922185154e-03        -2.6973921557376492e-03         6.9964376093770656e-03         3.6532804032954826e-03        -7.6328782068233597e-04        -2.8299031267105604e-03         1.0442144710856494e-01
24                                     4.4205646613730007e-03         1.1025567220143395e-02        -3.3877771548466431e-03        -5.7156778030317979e-03        -1.1352509147002520e-02         1.0023883751469578e-02         9.9931818649753347e-03        -1.7750807550413916e-02
25                                     2.2498869621153869e-04        -1.5342676730237537e-03        -5.8264974834069888e-03        -1.9300724819900665e-03        -1.7370791866488915e-03         8.7875871407020797e-03         3.0524437329480011e-03        -3.8788381689383623e-02
26                                     5.1187371039782981e-03        -4.9653346411924551e-03        -1.1655970762686086e-03         2.1009682311517990e-03         5.2366063755997973e-03        -1.8150471679023168e-03         1.1371811500207520e-04         1.2158872245540478e-03
27                                     4.1378718796824046e-05         2.8204708534602732e-03        -5.7751963306850937e-04         3.6907941835069439e-04         1.2091648230588936e-04         8.5945805368599706e-04        -2.4607153344869412e-05         5.4976657208096261e-04
28                                     1.3036006970779768e-02        -9.9840868635242379e-04        -5.8723922400880724e-03        -3.6910502999821220e-03         7.0325814313744158e-04        -9.4642802866616864e-04        -3.5872648460919779e-04         2.1192602050640521e-03
29                                     5.4111831271346222e-03         2.0025982234936476e-04        -3.8619284748438458e-03         2.6281717535255812e-03        -8.9722960818986553e-05        -4.2494198064493404e-04        -9.1218498719479121e-04         2.2292039321370766e-03
30                                    -1.3587902208650318e-02        -9.6332623031110315e-02        -1.1360841107663561e-01        -1.0118030582424175e-02         1.1379803715700711e-02         2.3796601923588831e-02         2.3037078204277044e-03        -2.7178028662593993e-03
